synchronous:  28.572988999978406
asynchronous: 21.64627759999712
concurrent:   12.303069500019774